NEXT
1 4
8 4 0 
8 6 0 
8 13 0 
4 4 2 
NEXT
2 6
0 0 5 
0 1 3 
1 1 7 
0 1 8 
0 1 7 
1 1 4 
NEXT
3 6
5 15 8 
3 6 6 
2 8 0 
6 10 10 
0 8 6 
5 15 2 
NEXT
4 4
10 12 14 
5 9 7 
0 12 14 
7 11 8 
NEXT
5 6
7 10 13 
3 8 4 
5 16 5 
7 9 2 
3 5 14 
2 2 11 
NEXT
6 5
1 0 3 
10 12 6 
3 2 5 
11 2 2 
9 1 5 
NEXT
7 4
10 0 2 
0 3 10 
3 5 8 
8 2 10 
NEXT
8 3
5 15 12 
5 10 12 
7 10 0 
NEXT
9 5
0 14 18 
3 0 9 
0 11 1 
3 5 7 
4 8 1 
NEXT
10 6
0 0 2 
10 3 4 
5 4 4 
4 1 3 
3 5 2 
3 2 2 
NEXT
11 6
19 0 4 
12 17 19 
17 11 10 
9 0 18 
14 9 18 
6 19 15 
NEXT
12 4
1 2 6 
8 2 6 
2 2 7 
6 1 3 
NEXT
13 6
4 2 11 
0 2 7 
9 1 12 
8 0 13 
8 1 11 
0 1 2 
NEXT
14 4
1 11 4 
11 7 6 
7 4 6 
11 10 12 
NEXT
15 3
1 19 3 
0 11 3 
0 20 4 
NEXT
16 3
1 3 7 
1 4 3 
3 7 6 
NEXT
17 3
19 4 7 
7 4 0 
8 2 4 
NEXT
18 3
6 1 1 
6 2 1 
4 1 1 
NEXT
19 5
8 6 4 
9 2 4 
9 8 6 
9 3 6 
7 8 4 
NEXT
20 4
7 13 3 
0 0 13 
0 12 14 
6 3 8 
NEXT
21 4
5 2 10 
2 2 6 
7 1 1 
2 1 4 
NEXT
22 5
0 2 0 
1 7 0 
1 3 1 
5 4 3 
2 0 1 
NEXT
23 3
3 15 1 
3 2 6 
6 4 1 
NEXT
24 5
17 0 0 
3 1 2 
1 0 10 
1 0 0 
1 1 2 
NEXT
25 4
2 1 8 
9 1 1 
2 2 1 
0 3 6 
NEXT
26 4
19 12 4 
15 2 10 
3 17 14 
1 15 3 
NEXT
27 6
11 1 9 
3 0 10 
9 1 10 
4 1 3 
5 2 2 
5 2 17 
NEXT
28 5
10 10 5 
8 5 4 
3 10 3 
8 1 2 
1 6 4 
NEXT
29 4
1 11 3 
3 6 5 
10 8 12 
1 4 1 
NEXT
30 5
2 1 10 
2 1 8 
3 0 4 
5 1 3 
3 0 14 
NEXT
31 5
7 3 6 
4 11 2 
1 11 8 
6 5 5 
4 15 3 
NEXT
32 3
9 10 1 
7 13 0 
6 12 1 
NEXT
33 3
9 4 6 
1 2 4 
9 11 2 
NEXT
34 6
8 6 0 
3 0 4 
9 6 1 
10 1 0 
2 2 2 
0 0 2 
NEXT
35 5
8 8 4 
10 0 1 
5 8 0 
4 0 0 
6 6 1 
NEXT
36 6
16 4 10 
5 5 18 
16 1 11 
6 0 10 
9 4 17 
14 1 9 
NEXT
37 4
13 1 5 
12 2 12 
5 5 11 
9 0 4 
NEXT
38 4
1 1 12 
1 3 11 
0 17 11 
0 8 2 
NEXT
39 3
1 12 11 
1 4 1 
3 3 6 
NEXT
40 5
0 1 1 
9 2 2 
9 3 0 
8 4 4 
3 3 0 
NEXT
41 5
3 8 7 
7 4 1 
5 6 5 
0 9 4 
2 5 9 
NEXT
42 6
17 7 8 
11 6 13 
14 7 3 
2 2 12 
18 8 0 
10 0 5 
NEXT
43 4
5 9 3 
5 3 0 
6 10 1 
1 2 8 
NEXT
44 5
0 1 5 
4 6 2 
12 8 0 
9 2 4 
5 3 1 
NEXT
45 5
6 5 9 
7 8 10 
1 1 10 
1 2 11 
0 11 0 
NEXT
46 4
8 2 14 
10 0 8 
12 0 7 
14 2 10 
NEXT
47 4
7 1 5 
5 3 5 
8 2 3 
2 2 0 
NEXT
48 4
1 2 2 
1 3 1 
0 1 1 
3 0 8 
NEXT
49 3
8 7 2 
4 8 0 
8 4 2 
NEXT
50 5
10 9 4 
7 11 4 
4 16 2 
3 13 9 
0 1 6 
NEXT
51 5
3 2 8 
0 2 2 
1 0 4 
2 1 2 
5 1 6 
NEXT
52 6
0 8 12 
11 9 11 
5 8 8 
11 3 11 
6 5 12 
8 10 0 
NEXT
53 4
9 6 3 
5 3 4 
11 2 5 
9 4 0 
NEXT
54 6
8 0 13 
7 3 15 
8 0 1 
6 3 8 
1 3 12 
9 3 2 
NEXT
55 6
2 2 1 
3 1 4 
7 4 4 
7 3 1 
4 1 2 
4 1 5 
NEXT
56 6
14 4 1 
0 3 1 
0 10 8 
3 8 7 
3 4 12 
2 7 0 
NEXT
57 3
8 6 7 
7 3 5 
9 2 8 
NEXT
58 6
7 8 3 
9 7 5 
9 3 4 
1 0 0 
5 0 2 
7 2 5 
NEXT
59 5
10 0 2 
1 10 8 
7 1 10 
1 2 7 
5 0 3 
NEXT
60 3
1 0 2 
2 5 2 
2 3 0 
NEXT
61 6
3 2 0 
10 7 2 
8 0 2 
5 3 1 
12 1 0 
13 6 1 
NEXT
62 4
11 2 0 
0 3 3 
10 1 2 
11 0 3 
NEXT
63 3
0 0 7 
1 7 8 
1 5 14 
NEXT
64 4
2 1 12 
0 10 18 
2 13 9 
1 1 15 
NEXT
65 5
8 8 6 
2 9 9 
3 9 1 
2 10 4 
5 5 7 
NEXT
66 5
3 14 9 
7 12 3 
8 5 1 
5 12 4 
5 0 14 
NEXT
67 5
7 9 1 
9 12 1 
4 13 2 
5 1 1 
0 10 2 
NEXT
68 5
12 2 0 
4 1 7 
14 3 4 
6 0 6 
4 3 7 
NEXT
69 3
2 9 17 
3 4 6 
6 4 11 
NEXT
70 5
12 10 11 
5 9 10 
3 2 9 
5 6 6 
12 8 10 
NEXT
71 3
0 3 7 
1 1 11 
1 1 5 
NEXT
72 5
0 9 7 
1 0 6 
0 15 6 
0 5 4 
1 4 4 
NEXT
73 4
10 4 0 
1 5 0 
1 3 0 
9 6 1 
NEXT
74 3
8 6 3 
5 9 1 
1 2 1 
NEXT
75 5
3 0 2 
7 1 3 
6 1 0 
5 0 1 
7 0 3 
NEXT
76 5
0 4 2 
1 7 0 
0 3 2 
1 1 1 
1 4 0 
NEXT
77 3
18 19 11 
0 18 1 
16 10 5 
NEXT
78 3
1 3 8 
0 2 3 
1 6 12 
NEXT
79 6
4 5 9 
0 0 3 
5 4 2 
5 8 7 
6 5 0 
5 0 7 
NEXT
80 3
8 11 3 
8 15 4 
6 14 0 
NEXT
81 5
11 5 0 
7 4 14 
2 7 8 
3 10 18 
1 3 0 
NEXT
82 6
0 5 2 
3 5 7 
3 2 4 
2 2 10 
0 2 8 
3 3 7 
NEXT
83 6
12 7 1 
17 5 5 
0 9 3 
20 1 2 
0 5 6 
11 3 2 
NEXT
84 6
6 7 1 
8 6 10 
8 6 1 
6 8 4 
8 3 12 
7 3 2 
NEXT
85 6
1 8 1 
9 2 9 
10 12 7 
7 7 2 
3 7 0 
5 11 9 
NEXT
86 4
0 8 4 
3 4 0 
4 12 7 
4 3 8 
NEXT
87 5
19 5 6 
20 5 5 
9 8 3 
7 7 11 
17 0 11 
NEXT
88 5
1 2 5 
11 0 2 
6 3 3 
2 1 4 
8 0 4 
NEXT
89 3
15 19 10 
17 1 4 
13 15 10 
NEXT
90 6
0 1 3 
1 1 4 
4 3 0 
4 4 5 
2 0 3 
2 4 4 
NEXT
91 5
16 8 4 
17 4 5 
10 6 0 
0 11 7 
0 4 14 
NEXT
92 6
1 3 1 
2 5 2 
0 8 2 
2 14 1 
0 3 0 
0 9 1 
NEXT
93 3
8 7 11 
5 8 6 
4 6 4 
NEXT
94 6
2 0 1 
5 5 4 
7 0 2 
1 5 3 
1 5 2 
5 1 3 
NEXT
95 3
0 3 0 
7 4 7 
0 5 5 
NEXT
96 4
1 3 5 
2 14 3 
2 3 7 
0 15 5 
NEXT
97 3
8 17 6 
9 0 8 
4 18 0 
NEXT
98 4
2 0 9 
3 4 6 
0 2 0 
0 14 12 
NEXT
99 4
3 4 3 
0 2 2 
7 0 3 
2 5 0 
NEXT
100 3
5 7 4 
11 9 8 
12 0 2 
